3.502
3.502
3.502
3.502
3.502
3.502
3.502
3.502
3.502
3.502
3.502
3.502
3.502
3.502
3.502
3.502
3.502
3.502
3.502
3.502
3.502
3.502
3.502
3.502
3.502
3.502
3.502
3.502
3.502
3.502
3.502
3.502
3.502
3.502
3.502
3.502
3.502
3.502
3.502
3.502
3.502
3.502
3.502
3.502
3.502
3.502
3.502
3.502
3.502
3.502
3.502
3.502
3.502
3.502
3.502
3.502
3.502
3.502
3.502
3.502
3.31
3.31
3.31
3.31
3.31
3.31
3.31
3.31
3.31
3.31
3.081
3.081
3.081
3.081
3.081
3.081
3.081
3.081
3.081
3.081
3.062
3.062
3.062
3.062
3.062
3.062
3.062
3.062
3.062
3.062
2.93
2.93
2.93
2.93
2.93
2.93
2.93
2.93
2.93
2.93
2.701
2.701
2.701
2.701
2.701
2.701
2.701
2.701
2.701
2.701
2.581
2.581
2.581
2.581
2.581
2.581
2.581
2.581
2.581
2.581
2.516
2.516
2.516
2.516
2.516
2.516
2.516
2.516
2.516
2.516
2.429
2.429
2.429
2.429
2.429
2.429
2.429
2.429
2.429
2.429
2.365
2.365
2.365
2.365
2.365
2.365
2.365
2.365
2.365
2.365
2.33
2.33
2.33
2.33
2.33
2.33
2.33
2.33
2.33
2.33
2.304
2.304
2.304
2.304
2.304
2.304
2.304
2.304
2.304
2.304
2.291
2.291
2.291
2.291
2.291
2.291
2.291
2.291
2.291
2.291
2.295
2.295
2.295
2.295
2.295
2.295
2.295
2.295
2.295
2.295
2.28
2.28
2.28
2.28
2.28
2.28
2.28
2.28
2.28
2.28
2.277
2.277
2.277
2.277
2.277
2.277
2.277
2.277
2.277
2.277
2.264
2.264
2.264
2.264
2.264
2.264
2.264
2.264
2.264
2.264
2.266
2.266
2.266
2.266
2.266
2.266
2.266
2.266
2.266
2.266
2.243
2.243
2.243
2.243
2.243
2.243
2.243
2.243
2.243
2.243
2.25
2.25
2.25
2.25
2.25
2.25
2.25
2.25
2.25
2.25
2.259
2.259
2.259
2.259
2.259
2.259
2.259
2.259
2.259
2.259
2.269
2.269
2.269
2.269
2.269
2.269
2.269
2.269
2.269
2.269
2.251
2.251
2.251
2.251
2.251
2.251
2.251
2.251
2.251
2.251
2.261
2.261
2.261
2.261
2.261
2.261
2.261
2.261
2.261
2.261
2.281
2.281
2.281
2.281
2.281
2.281
2.281
2.281
2.281
2.281
2.301
2.301
2.301
2.301
2.301
2.301
2.301
2.301
2.301
2.301
2.309
2.309
2.309
2.309
2.309
2.309
2.309
2.309
2.309
2.309
2.325
2.325
2.325
2.325
2.325
2.325
2.325
2.325
2.325
2.325
2.346
2.346
2.346
2.346
2.346
2.346
2.346
2.346
2.346
2.346
2.357
2.357
2.357
2.357
2.357
2.357
2.357
2.357
2.357
2.357
2.363
2.363
2.363
2.363
2.363
2.363
2.363
2.363
2.363
2.363
2.468
2.468
2.468
2.468
2.468
2.468
2.468
2.468
2.468
2.468
2.372
2.372
2.372
2.372
2.372
2.372
2.372
2.372
2.372
2.372
2.37
2.37
2.37
2.37
2.37
2.37
2.37
2.37
2.37
2.37
2.369
2.369
2.369
2.369
2.369
2.369
2.369
2.369
2.369
2.369
2.36

