-9.692515861872074649e-04
-1.628707239885407400e-03
-2.682597130184038569e-03
-4.330111347884033415e-03
-6.848411298815281108e-03
-1.061042606249727911e-02
-1.609978632247216490e-02
-2.391818680710279185e-02
-3.477883517476804826e-02
-4.947836261502380067e-02
-6.883917930116113804e-02
-9.361539899566305445e-02
-1.243587563041521626e-01
-1.612468167704171340e-01
-2.038842165893775260e-01
-2.510979836758974737e-01
-3.007586928049236774e-01
-3.496680106004116939e-01
-3.935572743795912598e-01
-4.272382980096501859e-01
-4.449345216001704961e-01
-4.407973977703086299e-01
-4.095812665725843682e-01
-3.474141970001005664e-01
-2.525688910376917007e-01
-1.261145121115691270e-01
2.767542252929430097e-02
2.012671082010457912e-01
3.842301203910979401e-01
5.640285313408498480e-01
7.271772599713069996e-01
8.606338656478587090e-01
9.532447461281744472e-01
9.970415527856839599e-01
9.881953666623820576e-01
9.274825968732857140e-01
8.201901389055813452e-01
6.754746011973878916e-01
5.052748697138821354e-01
3.229430540243358738e-01
1.417942001082516112e-01
-2.622508786014407858e-02
-1.715825423024217311e-01
-2.878122368634929984e-01
-3.717342435507788312e-01
-4.232714076912356127e-01
-4.449468139383148668e-01
-4.411782452116970732e-01
-4.174949137760332607e-01
-3.797894688366461602e-01
-3.336907922964695850e-01
-2.841080855485124124e-01
-2.349617254747082551e-01
-1.890871830151599486e-01
-1.482783860721116342e-01
-1.134271925115827584e-01
-8.471498647939076920e-02
-6.181839815861384091e-02
-4.410087774429371360e-02
-3.077264417784009165e-02
-2.101134222841606614e-02
-1.404336358146402591e-02
-9.190780505901099615e-03
-5.891359283339859046e-03
-3.699677089604879246e-03
-2.276608877338567524e-03
-1.372998561822740080e-03
-8.116723561129567674e-04
