0.000611
0.000775
0.000976
0.001220
0.001513
0.001863
0.002276
0.002760
0.003323
0.003974
0.004723
0.005579
0.006553
0.007656
0.008899
0.010294
0.011853
0.013588
0.015514
0.017641
0.019985
0.022558
0.025374
0.028446
0.031787
0.035412
0.039332
0.043560
0.048109
0.052989
0.058212
0.063786
0.069722
0.076028
0.082709
0.089772
0.097221
0.105058
0.113286
0.121902
0.130906
0.140292
0.150054
0.160185
0.170674
0.181507
0.192672
0.204149
0.215921
0.227964
0.240255
0.252767
0.265471
0.278335
0.291327
0.304410
0.317545
0.330693
0.343811
0.356856
0.369780
0.382537
0.395076
0.407348
0.419301
0.430881
0.442036
0.452710
0.462850
0.472400
0.481307
0.489514
0.496969
0.503617
0.509408
0.514290
0.518214
0.521133
0.523000
0.523772
0.523409
0.521873
0.519129
0.515144
0.509890
0.503343
0.495480
0.486285
0.475744
0.463849
0.450594
0.435979
0.420009
0.402692
0.384041
0.364075
0.342816
0.320292
0.296534
0.271579
0.245468
0.218245
0.189962
0.160670
0.130428
0.099298
0.067344
0.034635
0.001243
-0.032759
-0.067292
-0.102277
-0.137633
-0.173274
-0.209116
-0.245072
-0.281055
-0.316976
-0.352746
-0.388277
-0.423479
-0.458266
-0.492550
-0.526244
-0.559265
-0.591530
-0.622958
-0.653472
-0.682994
-0.711453
-0.738779
-0.764905
-0.789769
-0.813311
-0.835477
-0.856215
-0.875479
-0.893225
-0.909417
-0.924020
-0.937006
-0.948351
-0.958036
-0.966046
-0.972372
-0.977008
-0.979954
-0.981215
-0.980800
-0.978723
-0.975001
-0.969657
-0.962717
-0.954213
-0.944177
-0.932649
-0.919671
-0.905287
-0.889545
-0.872497
-0.854196
-0.834699
-0.814065
-0.792354
-0.769629
-0.745954
-0.721394
-0.696017
-0.669890
-0.643081
-0.615658
-0.587692
-0.559251
-0.530403
-0.501217
-0.471761
-0.442101
-0.412304
-0.382435
-0.352556
-0.322730
-0.293017
-0.263476
-0.234163
-0.205133
-0.176439
-0.148130
-0.120254
-0.092858
-0.065983
-0.039671
-0.013960
0.011116
0.035523
0.059232
0.082214
0.104445
0.125904
0.146570
0.166426
0.185458
0.203654
0.221004
0.237502
0.253142
0.267922
0.281841
0.294902
0.307108
0.318464
0.328979
0.338661
0.347521
0.355573
0.362829
0.369305
0.375018
0.379986
0.384227
0.387762
0.390610
0.392794
0.394335
0.395257
0.395582
0.395335
0.394539
0.393219
0.391399
0.389104
0.386358
0.383186
0.379613
0.375662
0.371358
0.366724
0.361784
0.356562
0.351079
0.345357
0.339419
0.333286
0.326977
0.320513
0.313913
0.307196
0.300380
0.293482
0.286519
0.279506
0.272458
0.265391
0.258318
0.251253
0.244206
0.237191
0.230218
0.223297
0.216438
0.209650
0.202941
0.196319
0.189791
0.183363
0.177041
0.170831
0.164737
0.158764
0.152914
0.147192
0.141600
0.136140
0.130815
0.125625
0.120572
0.115657
0.110879
0.106239
0.101737
0.097372
0.093143
0.089050
0.085091
0.081264
0.077568
0.074001
0.070561
0.067246
0.064053
0.060981
0.058026
0.055187
0.052459
0.049842
0.047332
0.044925
0.042620
0.040414
0.038303
0.036284
0.034355
0.032514
0.030756
0.029080
0.027481
0.025959
0.024509
0.023130
0.021818
0.020571
0.019387
0.018262
0.017195
0.016183
0.015223
0.014314
0.013454
0.012639
0.011869
0.011141
0.010453
0.009803
0.009190
0.008611
0.008066
0.007552
0.007067
0.006612
0.006183
0.005779
0.005400
0.005043
0.004709
0.004394
0.004100
0.003823
0.003564
0.003321
0.003094
0.002881
0.002682
0.002496
0.002322
0.002160
0.002008
0.001866
0.001734
0.001611
0.001496
0.001389
0.001290
0.001197
0.001111
0.001030
0.000956
0.000887
0.000822
0.000763
0.000707
0.000656
